10 20
60
1 6 10 5 2 4 5 20
2 1 1 6 10 17
3 4 16 8
4 8 16 9 20 12
5 7 1 1 7 8 2 8 16 14
6 8 16 1 1 13
7 10 1 6 11 21
8 1 2 4 19 7
9 5 17 7 16 16
10 9 8 5
11 10 22 9 23 22
12 5 25 4 28 15
13 1 23 9 26 26
14 8 22 9 29 11
15 2 28 8 28 17
16 3 29 6 25 7 28 24
17 10 26 4 22 11
18 2 25 4 25 17
19 1 29 7
20 7 29 5
21 3 1 4 1 12
22 1 4 6 4 16
23 5 13 1 13 9
24 1 16 11
25 10 4 8 4 6
26 1 17 2 23 16
27 2 17 9 4 21
28 4 7 4 10 4 13 26
29 6 7 6 10 19
30 10 2 10 7 17
31 10 29 1 19 2 19 23
32 10 10 12
33 2 1 7
34 2 4 14
35 2 7 6
36 10 13 15
37 10 16 8 7 20
38 7 4 9
39 7 7 7 11 15
40 7 10 3